Tracking: 13.747178857381476 parameter with 4.8 reward. 
Tracking: 11.242489552906775 parameter with 10.8 reward. 
